1   6   0   0   1   
2   6   5   34   0   
3   6   11   4   0   
4   6   16   45   0   
5   6   21   13   0   
6   6   26   45   0   
7   6   31   32   2   stop
8   6   36   9   2   start
9   6   41   2   0   
10   6   46   13   0   
11   6   51   56   0   
12   6   56   13   0   
13   7   0   8   0   
14   7   5   3   3   stop
15   7   10   34   3   start
16   7   15   34   0   
17   7   20   2   0   
18   7   25   51   0   
19   7   30   41   0   
20   7   35   2   0   
21   7   40   12   4   stop
22   7   45   24   4   start
23   7   50   55   0   
24   7   56   32   0   
25   7   58   13   0   
26   8   3   18   0   
27   8   8   26   0   
28   8   13   15   1   stop
1   8   18   46   1   start
2   8   23   31   0   
3   8   28   54   0   
4   8   33   48   0   
5   8   38   31   0   
6   8   43   20   0   
7   8   48   16   2   stop
8   8   53   16   2   start
9   8   58   46   0   
10   9   2   19   0   
11   9   7   17   0   
12   9   12   35   0   
13   9   17   4   0   
14   9   22   51   3   
15   9   27   38   3   
16   9   32   27   0   
17   9   37   10   0   
18   9   42   22   0   
19   9   47   44   0   
20   9   52   33   0   
21   9   57   14   4   
22   9   59   53   4   
23   10   2   54   0   
24   10   5   20   0   
25   10   8   5   0   
26   10   11   18   0   
27   10   14   52   0   
28   10   17   45   1   stop
1   10   20   3   1   start
2   10   23   51   0   
3   10   26   58   0   
4   10   29   50   0   
5   10   32   37   0   
6   10   35   23   0   
7   10   38   48   2   stop
8   10   41   20   2   star
9   10   44   5   0   
10   10   47   2   0   
11   10   50   38   0   
12   10   53   26   0   
13   10   56   0   0   
14   10   59   38   3   stop
15   11   3   15   3   start
16   11   5   1   0   
17   11   7   56   0   
18   11   9   12   0   
19   11   11   49   0   
20   11   13   28   0   
21   11   15   34   4   stop
22   11   17   58   4   start
23   11   19   43   0   
24   11   21   18   0   
25   11   23   7   0   
26   11   25   43   0   
27   11   27   58   0   
28   11   29   17   1   stop
1   11   31   54   1   start
2   11   33   56   0   
3   11   36   49   0   
4   11   39   55   0   
5   11   42   31   0   
6   11   45   15   0   
7   11   48   31   2   stop
8   11   51   32   2   start
9   11   54   32   0   
10   11   57   3   0   
11   11   59   57   0   
12   12   4   0   0   
13   12   11   7   0   
14   12   18   44   3   stop
15   12   25   55   3   start
16   12   32   2   0   
17   12   39   47   0   
18   12   44   46   0   
19   12   49   47   0   
20   12   54   56   0   
21   12   59   20   4   stop
22   12   4   18   4   start
23   12   9   35   0   
24   12   14   27   0   
25   12   19   55   0   
26   12   24   46   0   
27   12   29   11   0   
28   12   34   2   1   stop
1   12   39   22   1   start
2   12   44   54   0   
3   12   49   21   0   
4   12   54   37   0   
5   12   58   51   0   
6   13   2   33   0   
7   13   6   45   2   stop
8   13   10   29   2   start
9   13   14   2   0   
10   13   18   53   0   
11   13   22   47   0   
12   13   26   38   0   
13   13   30   8   0   
14   13   34   31   3   stop
15   13   38   25   3   start
16   13   42   31   0   
17   13   46   21   0   
18   13   48   55   0   
19   13   50   5   0   
20   13   52   50   0   
21   13   54   36   4   stop
22   13   56   28   4   start
23   13   58   44   0   
24   14   1   52   0   
25   14   4   43   0   
26   14   7   32   0   
27   14   10   8   0   
28   14   13   6   1   stop
1   14   16   18   1   start
2   14   19   26   0   
3   14   22   6   0   
4   14   25   30   0   
5   14   28   37   0   
6   14   31   58   0   
7   14   34   3   2   stop
8   14   37   21   2   start
9   14   41   57   0   
10   14   45   35   0   
11   14   49   44   0   
12   14   53   18   0   
13   14   58   54   0   
14   15   2   12   3   stop
15   15   6   31   3   start
16   15   10   28   0   
17   15   14   51   0   
18   15   18   30   0   
19   15   22   5   0   
20   15   26   20   0   
21   15   30   59   4   stop
22   15   34   3   4   start
23   15   38   24   0   
24   15   42   9   0   
25   15   45   24   0   
26   15   49   45   0   
27   15   53   44   0   
28   15   57   8   1   stop
1   16   2   49   1   start
2   16   7   38   0   
3   16   9   29   0   
4   16   11   21   0   
5   16   13   45   0   
6   16   15   20   0   
7   16   17   9   2   stop
8   16   19   27   2   start
9   16   21   28   0   
10   16   23   31   0   
11   16   25   25   0   
12   16   27   3   0   
13   16   29   4   0   
14   16   31   12   3   stop
15   16   33   33   3   start
16   16   35   2   0   
17   16   37   28   0   
18   16   39   33   0   
19   16   41   48   0   
20   16   43   23   0   
21   16   45   17   4   stop
22   16   47   56   4   start
23   16   49   23   0   
24   16   51   19   0   
25   16   53   32   0   
26   16   55   41   0   
27   16   57   18   0   
28   16   59   52   1   stop
1   17   2   13   1   start
2   17   4   41   0   
3   17   6   42   0   
4   17   8   16   0   
5   17   10   28   0   
6   17   12   9   0   
7   17   14   1   2   stop
8   17   16   24   2   start
9   17   18   1   0   
10   17   20   30   0   
11   17   22   34   0   
12   17   24   3   0   
13   17   26   10   0   
14   17   28   1   3   stop
15   17   30   31   3   start
16   17   32   24   0   
17   17   34   28   0   
18   17   36   9   0   
19   17   38   36   0   
20   17   40   48   0   
21   17   42   30   4   stop
22   17   44   19   4   start
23   17   46   32   0   
24   17   48   31   0   
25   17   51   41   0   
26   17   54   40   0   
27   17   57   59   0   
28   18   0   46   1   stop
1   18   3   6   1   start
2   18   6   31   0   
3   18   9   30   0   
4   18   12   12   0   
5   18   15   45   0   
6   18   18   37   0   
7   18   21   7   2   stop
8   18   24   49   2   start
9   18   27   27   0   
10   18   30   41   0   
11   18   33   15   0   
12   18   36   46   0   
13   18   39   37   0   
14   18   42   17   3   stop
15   18   45   8   3   start
16   18   48   53   0   
17   18   51   32   0   
18   18   54   35   0   
19   18   57   20   0   
20   18   59   56   0   
21   19   1   9   4   stop
22   19   4   49   4   start
23   19   7   14   0   
24   19   10   12   0   
25   19   13   22   0   
26   19   16   36   0   
27   19   19   26   0   
28   19   22   25   1   stop
1   19   25   14   1   start
2   19   28   59   0   
3   19   31   7   0   
4   19   34   1   0   
5   19   37   37   0   
6   19   40   39   0   
7   19   43   7   2   stop
8   19   46   6   2   start
9   19   49   39   0   
10   19   52   51   0   
11   19   56   42   0   
12   20   0   8   0   
13   20   4   30   0   
14   20   8   18   3   stop
15   20   12   58   3   start
16   20   16   49   0   
17   20   20   14   0   
18   20   24   20   0   
19   20   28   14   0   
20   20   32   1   0   
21   20   36   27   4   stop
22   20   40   48   4   start
23   20   44   14   0   
24   20   48   32   0   
25   20   52   48   0   
26   20   56   45   0   
27   21   1   13   0   
28   21   5   32   1   stop
1   21   9   5   1   start
2   21   13   22   0   
3   21   17   13   0   
4   21   21   8   0   
5   21   25   0   0   
6   21   29   49   0   
7   21   33   33   2   stop
8   21   37   14   2   start
9   21   41   31   0   
10   21   45   30   0   
11   21   49   35   0   
12   21   53   24   0   
13   21   57   22   0   
14   22   2   50   3   stop
15   22   6   40   3   start
16   22   10   46   0   
17   22   14   20   0   
18   22   18   24   0   
19   22   22   0   0   
20   22   26   34   0   
21   22   30   24   4   stop
22   22   34   3   4   start
23   22   38   19   0   
24   22   42   26   0   
25   22   46   59   0   
26   22   50   53   0   
27   22   54   25   0   
28   22   58   52   1   stop
1   22   59   55   1   start
2   23   2   19   0   
3   23   6   51   0   
4   23   10   44   0   
5   23   14   27   0   
6   23   18   1   0   
7   23   22   27   2   stop
8   23   26   28   2   start
9   23   30   55   0   
10   23   35   46   0   
11   23   40   45   0   
12   23   45   0   0   
13   23   50   38   0   
14   23   55   40   3   stop
15   24   1   49   3   start
16   24   6   3   0   
17   24   11   50   0   
18   24   16   24   0   
19   24   21   40   0   
20   24   26   2   0   
21   24   31   14   4   stop
22   24   36   54   4   start
23   24   41   55   0   
24   24   46   58   0   
25   24   51   49   0   
26   24   56   2   0   
27   24   59   36   0   
28   0   3   20   1   stop